   2.6019200e+00   1.3349600e+00   1.0000000e+00
   1.1485700e+00   5.8641400e-01   1.0000000e+00
   1.0925400e+00   1.0056200e+00   1.0000000e+00
  -5.4243500e-01   8.4336500e-02   1.0000000e+00
   1.8812700e-01   1.0885900e+00   1.0000000e+00
   1.4711000e+00   1.7052100e+00   1.0000000e+00
   1.6165100e+00   5.0897400e-01   1.0000000e+00
  -1.0792200e+00   5.2023100e-01   1.0000000e+00
   1.9651600e+00   2.2052100e+00   1.0000000e+00
   2.0279200e+00   1.9386600e+00   1.0000000e+00
   4.5130400e-01  -3.1193000e-01   1.0000000e+00
   2.2744800e+00   3.0052100e+00   1.0000000e+00
   5.9824300e-01  -8.9478600e-01   1.0000000e+00
   4.8598500e-01   1.1039200e+00   1.0000000e+00
   6.9979400e-01   1.1193700e+00   1.0000000e+00
   2.8852900e+00   2.0409000e+00   2.0000000e+00
   1.7247500e+00   7.2409000e+00   2.0000000e+00
   2.4807100e+00   4.1834500e+00   2.0000000e+00
   1.7122700e+00   5.0842700e+00   2.0000000e+00
   2.2001500e+00   4.5159600e+00   2.0000000e+00
   2.4368200e+00   2.5814500e+00   2.0000000e+00
   2.9511000e+00   3.0609000e+00   2.0000000e+00
   9.9189700e-01   5.0824800e+00   2.0000000e+00
   2.0012800e+00   3.8245600e+00   2.0000000e+00
   6.1615300e-01   5.1443000e+00   2.0000000e+00
   2.3888300e+00   3.9692400e+00   2.0000000e+00
   3.1735000e+00   2.1409000e+00   2.0000000e+00
   4.3723900e-01   3.1307000e+00   2.0000000e+00
   2.8087700e+00  -7.7528600e-01   3.0000000e+00
   4.1859900e+00  -3.0202200e+00   3.0000000e+00
   5.2365600e+00  -2.6842200e+00   3.0000000e+00
   3.0963500e+00   3.7977800e-01   3.0000000e+00
   1.9586600e+00   1.5425000e-01   3.0000000e+00
   5.3052800e+00  -2.2758200e+00   3.0000000e+00
   1.6710100e+00  -7.0615200e-01   3.0000000e+00
   4.2439400e+00  -1.1447200e+00   3.0000000e+00
   1.2823700e+00  -9.0337300e-01   3.0000000e+00
   4.2964000e+00  -1.4894600e+00   3.0000000e+00
   3.2715500e+00  -1.1069200e+00   3.0000000e+00
   2.1673400e+00  -5.0552100e-01   3.0000000e+00
   5.8420300e-01   4.0829000e-01   3.0000000e+00
   3.7385800e+00  -1.0106300e+00   3.0000000e+00
   9.8975400e-01  -3.2022200e-01   3.0000000e+00
   4.6784700e+00  -1.6419700e+00   3.0000000e+00
   2.4260700e+00  -9.6671800e-02   3.0000000e+00
   2.0587100e+00  -1.2611300e+00   3.0000000e+00
   5.4619100e+00   2.2225200e+00   4.0000000e+00
   5.5235500e+00   1.8483500e+00   4.0000000e+00
   2.0816900e+00   9.9794000e-01   4.0000000e+00
   4.4645900e+00   2.4022900e+00   4.0000000e+00
   5.6032000e+00   2.4668900e+00   4.0000000e+00
   4.5988800e+00   8.8131000e-01   4.0000000e+00
   4.1608800e+00   1.0626200e+00   4.0000000e+00
   7.9316900e+00   1.1085500e+00   4.0000000e+00
   7.4970700e+00   1.6143800e+00   4.0000000e+00
   7.4809100e+00   2.7640200e+00   4.0000000e+00
   2.6784700e+00   1.7433600e+00   4.0000000e+00
   5.2411300e+00   1.9826500e+00   4.0000000e+00
   2.0551300e+00   2.0102700e+00   4.0000000e+00
   3.6538200e+00   2.6922100e+00   4.0000000e+00
   3.9039500e+00   1.6491100e+00   4.0000000e+00
   5.5085700e+00   2.7144900e+00   4.0000000e+00
   2.1441000e+00   2.8103000e+00   4.0000000e+00
   4.2026900e+00   1.8855400e+00   4.0000000e+00
   5.2170000e+00   1.3376000e+00   4.0000000e+00
   5.5704700e+00   3.0219400e+00   4.0000000e+00
   7.4738000e+00   2.5043200e+00   4.0000000e+00
   9.7460500e+00   2.0663500e+00   4.0000000e+00
   2.8004400e+00   2.2129900e+00   4.0000000e+00
